5 
2 
Ahmed 
Ziad\0 
Ahmed 
5 1 5 0 5 
1 6 1 6 0 
5 1 5 1 5 
1 6 0 6 0 
5 1 5 0 5 

000000000000000 000000000000000 000000000000000 000000000000000 000000000000000 
000000000000000 Ziad\0 000000000000000 000000000000000 000000000000000 
000000000000000 000000000000000 000000000000000 000000000000000 000000000000000 
000000000000000 000000000000000 000000000000000 000000000000000 000000000000000 
000000000000000 000000000000000 000000000000000 000000000000000 000000000000000 

000000000000000 Ahmed 000000000000000 000000000000000 000000000000000 
Ziad\0 000000000000000 Ahmed 000000000000000 000000000000000 
000000000000000 Ziad\0 000000000000000 Ziad\0 000000000000000 
Ziad\0 000000000000000 Ziad\0 000000000000000 000000000000000 
000000000000000 Ahmed 000000000000000 000000000000000 000000000000000 

0 1 0 0 0 
2 0 3 0 0 
0 4 0 7 0 
5 0 0 0 0 
0 6 0 0 0 

7 
0 : 4 : 33 

2  

5  

5 

16 

1 
0 
0 
