5 
ziad 
hisham 
hisham 
5 1 5 1 5 
1 4 1 4 1 
5 1 5 1 5 
1 4 1 6 0 
5 1 5 0 5 

000000000000000 000000000000000 000000000000000 000000000000000 000000000000000 
000000000000000 hisham 000000000000000 hisham 000000000000000 
000000000000000 000000000000000 000000000000000 000000000000000 000000000000000 
000000000000000 hisham 000000000000000 000000000000000 000000000000000 
000000000000000 000000000000000 000000000000000 000000000000000 000000000000000 

000000000000000 ziad 000000000000000 hisham 000000000000000 
hisham 000000000000000 hisham 000000000000000 hisham 
000000000000000 ziad 000000000000000 ziad 000000000000000 
hisham 000000000000000 hisham 000000000000000 000000000000000 
000000000000000 ziad 000000000000000 000000000000000 000000000000000 

0 1 0 5 0 
2 0 4 0 7 
0 3 0 6 0 
8 0 10 0 0 
0 9 0 0 0 

10 
0 : 6 

4  

6  

2 

17 

3 
